8387204.0
8387204.0
8387204.0
8387204.0
8387204.0
8387204.0
8387204.0
8387204.0
8387204.0
8387204.0
8387204.0
8387204.0
8387204.0
8387204.0
8294706.0
6877536.0
4015604.0
572814.0
-4186778.0
-7620080.0
-8275832.0
-8277142.0
-8280112.0
-8280818.0
-8274520.0
-8274712.0
-8279206.0
-6941956.0
-2813572.0
2659014.0
6891448.0
8377082.0
8387204.0
8387204.0
8387204.0
8387204.0
8387204.0
8387204.0
8387204.0
8387204.0
8330432.0
6646152.0
3102764.0
-485114.0
-4042716.0
-7064212.0
-8274020.0
-8275084.0
-8275510.0
-8275544.0
-8275664.0
-8276630.0
-8276534.0
-8275492.0
-8280114.0
-8280798.0
-8275474.0
-8275898.0
-8278188.0
-8278104.0
-8278338.0
-8072766.0
-4548310.0
3040820.0
7886206.0
8387204.0
8387204.0
8387204.0
8387204.0
8387204.0
8387204.0
8387204.0
8387204.0
8387204.0
8387204.0
8387204.0
8387204.0
8387204.0
8387204.0
8387204.0
8387204.0
8387204.0
8387204.0
8387204.0
8387204.0
8387204.0
8387204.0
8387204.0
8387204.0
8387204.0
8387204.0
8387204.0
8387204.0
8387204.0
8387204.0
8387204.0
8387204.0
8387204.0
8387204.0
8387204.0
8387204.0
8387204.0
8387204.0
8387204.0
8387204.0
8387204.0
6988774.0
3105750.0
-1719600.0
-5914126.0
-8058680.0
-8276606.0
-8278016.0
-8278090.0
-8275296.0
-8275400.0
-8276560.0
-8276606.0
-8276458.0
-8274334.0
-8273330.0
-8275252.0
-8275062.0
-8275170.0
-8278166.0
-8277228.0
-8277564.0
-8275428.0
-8273372.0
-8276414.0
-8275676.0
-8275614.0
-8275560.0
-8275278.0
-8230954.0
-5613398.0
1035956.0
6713990.0
8387564.0
8387204.0
7955658.0
5613390.0
2636358.0
1619380.0
1549692.0
-314376.0
-5080206.0
-8152534.0
-8278058.0
-8278074.0
-8276430.0
-8274686.0
-8273840.0
-8274020.0
-8284882.0
-8286358.0
-8278170.0
-8276750.0
-8284366.0
-8285844.0
-8276506.0
-8276348.0
-8275606.0
-8275668.0
-8276400.0
-8276250.0
-8275434.0
-8275598.0
-8276432.0
-8276426.0
-8275594.0
-8275738.0
-8276552.0
-8276248.0
-8275424.0
-8275508.0
-8275426.0
-8275292.0
-8276622.0
-8276816.0
-8277938.0
-8277888.0
-8276362.0
-8276570.0
-8276560.0
-8276388.0
-8275232.0
-8275228.0
-8276414.0
-8276702.0
-8278324.0
-8278072.0
-8275240.0
-8275342.0
-8276398.0
-8274654.0
-8274804.0
-8276224.0
-8275452.0
-8275808.0
-8278250.0
-8276982.0
-8284204.0
-8285194.0
-8272556.0
-5292384.0
3044738.0
8359964.0
8387204.0
8387204.0
8387204.0
8387204.0
8387204.0
8387204.0
8387204.0
8387204.0
8387204.0
8387204.0
8387204.0
8387204.0
8387204.0
8387204.0
8387204.0
8387204.0
8387204.0
8387204.0
8387204.0
8387204.0
8387204.0
8387204.0
8387204.0
8387204.0
8387204.0
8387204.0
8387204.0
8387204.0
8387204.0
8387204.0
8387204.0
8387204.0
8387204.0
8387204.0
8387204.0
8387204.0
8387204.0
8387204.0
8387204.0
8387204.0
8387204.0
8387204.0
8387204.0
8387204.0
8387204.0
8387204.0
8387204.0
8387204.0
8387204.0
8387204.0
8387204.0
8387204.0
8387204.0
8387204.0
8387204.0
8387204.0
8387204.0
8387204.0
8387204.0
8387204.0
8387204.0
8387204.0
8387204.0
8387204.0
8387204.0
8387204.0
8387204.0
8387204.0
8344104.0
6261018.0
3293722.0
2507192.0
1270826.0
-3675828.0
-7795914.0
-8275322.0
-8276514.0
-8275478.0
-8277608.0
-8276042.0
-8273870.0
-8275610.0
-8275656.0
-8276294.0
-8275508.0
-8275746.0
-8276480.0
-8275446.0
-8277484.0
-8275880.0
-8275424.0
-8277862.0
-8275420.0
-8274420.0
-8280566.0
-8281670.0
-8278036.0
-8277972.0
-8275500.0
-8275262.0
-8275518.0
-8275864.0
-8278258.0
-8277394.0
-8277616.0
-8275282.0
-8277682.0
-8278848.0
-8273198.0
-8274912.0
-8275452.0
-8275700.0
-8278248.0
-8276314.0
-8273286.0
-8275386.0
-8278034.0
-8277798.0
-8278182.0
-8274390.0
-7725652.0
-6337650.0
-4322184.0
-1464432.0
2486776.0
6479422.0
8333896.0
8387204.0
8387204.0
8387204.0
8387204.0
8387204.0
8387204.0
8387204.0
8282762.0
7190912.0
6012810.0
6676560.0
7959254.0
8387354.0
8387204.0
8387204.0
8387204.0
8387204.0
8387204.0
8387204.0
8387204.0
8387204.0
8387204.0
8387204.0
8387204.0
8387204.0
8387204.0
8387204.0
8387204.0
8387204.0
8387204.0
8106760.0
5347446.0
838986.0
-2273168.0
-3012966.0
-1503118.0
991526.0
3126508.0
4034962.0
3396090.0
1555124.0
-456544.0
-1408400.0
-794348.0
846212.0
2128364.0
1816236.0
-267454.0
-3155334.0
-5254718.0
-5145272.0
-2308362.0
2545440.0
6872994.0
8387620.0
8387204.0
8387204.0
8387204.0
8387204.0
8387204.0
8387204.0
8387204.0
8387204.0
8387204.0
8387204.0
8387204.0
8387204.0
8387204.0
8387204.0
8387204.0
8387204.0
8387204.0
8387204.0
8387204.0
8387204.0
8387204.0
8387204.0
8387204.0
8387204.0
8387204.0
8387204.0
8387204.0
8387204.0
8387204.0
8387204.0
8387204.0
8387204.0
8387204.0
8387204.0
8387204.0
6609220.0
953184.0
-4665062.0
-5491986.0
-1410000.0
4962510.0
8276754.0
8387204.0
8387204.0
8387204.0
8387204.0
8387204.0
8386698.0
6651288.0
1904358.0
-4394018.0
-7942366.0
-8280494.0
-8278884.0
-8278686.0
-8280140.0
-8276534.0
-8276494.0
-8278328.0
-8276404.0
-8273372.0
-8275566.0
-8278340.0
-8277980.0
-8275174.0
-8275626.0
-8280556.0
-8279550.0
-8274656.0
-8275252.0
-8275690.0
-8275946.0
-8280664.0
-8278428.0
-8273390.0
-8272352.0
-8273394.0
-8276408.0
-8275212.0
-8275504.0
-8278086.0
-8278010.0
-8234048.0
-5678538.0
1010954.0
6751248.0
8387256.0
8387204.0
8387204.0
8387204.0
8387204.0
8387204.0
8387204.0
8387204.0
8387204.0
8387204.0
8387204.0
8387204.0
8387204.0
8387204.0
8387204.0
8387204.0
8387204.0
8387204.0
8387204.0
8387204.0
6825438.0
1647598.0
-3865058.0
-5296110.0
-3166942.0
5786.0
827668.0
-3486636.0
-7731692.0
-8276824.0
-8280482.0
-8278402.0
-8273108.0
-8273998.0
-8284506.0
-8285728.0
-8278326.0
-8224222.0
-5500118.0
-149346.0
2824506.0
1293266.0
-2575486.0
-5332152.0
-4871818.0
-1112670.0
4436126.0
7855692.0
8387256.0
8387204.0
8387204.0
8387204.0
8387204.0
8387204.0
8387204.0
8387204.0
8157546.0
1287304.0
-6853504.0
-8278714.0
-8276696.0
-5484082.0
2879418.0
8382256.0
8387204.0
8387204.0
8387204.0
8387204.0
8387204.0
8387204.0
8387204.0
8387204.0
8387204.0
8387204.0
8387204.0
8387204.0
8387204.0
8387204.0
8387204.0
8387204.0
8387204.0
8387204.0
8387204.0
6873450.0
1968080.0
-2459422.0
-4164342.0
-6190036.0
-7950952.0
-8279788.0
-8278210.0
-8278018.0
-8278310.0
-8276686.0
-8273952.0
-8275420.0
-8276772.0
-8277052.0
-8280434.0
-8278674.0
-8276294.0
-8278012.0
-8278174.0
-8277886.0
-8274970.0
-8275292.0
-8277984.0
-8277868.0
-8278086.0
-8277992.0
-8275182.0
-8275184.0
-8275428.0
-8274362.0
-8280516.0
-8281822.0
-8278044.0
-8278116.0
-8276552.0
-8274156.0
-8273306.0
-8273722.0
-8273890.0
-8275458.0
-8275438.0
-8275622.0
-8276532.0
-8276554.0
-8275604.0
-8275340.0
-8276732.0
-8277094.0
-8280402.0
-8278536.0
-8276396.0
-8278194.0
-8275322.0
-8275544.0
-8276602.0
-8273930.0
-8275982.0
-8275638.0
-8273798.0
-8276402.0
-8278396.0
-8275270.0
-8277788.0
-8280884.0
-8275514.0
-8275804.0
-8278240.0
-8278050.0
-7911464.0
-5254306.0
-302846.0
5322976.0
8374666.0
8387204.0
8387204.0
8387204.0
8387204.0
8387204.0
8387204.0
8387204.0
8387204.0
8387204.0
8387204.0
8387204.0
8387204.0
8387204.0
8387204.0
8387204.0
8387204.0
8387204.0
8387204.0
8387204.0
8387204.0
8387204.0
8387204.0
8387204.0
8387204.0
8387204.0
8387204.0
8387204.0
8387204.0
8387204.0
8387204.0
8387204.0
8387204.0
8387204.0
8387204.0
8387204.0
8387204.0
8387204.0
8387204.0
8387204.0
8387204.0
8387204.0
8387204.0
8387204.0
8387204.0
8387204.0
8387204.0
8387204.0
8387204.0
8387204.0
8387204.0
6958896.0
2012854.0
-4285062.0
-7708076.0
-8277260.0
-8276142.0
-8274608.0
-8274800.0
-8276640.0
-8278198.0
-8277912.0
-8275124.0
-8275392.0
-8278120.0
-8277736.0
-8275254.0
-8275434.0
-8276434.0
-8276658.0
-8278012.0
-8277902.0
-8276384.0
-8275268.0
-8280098.0
-8281266.0
-8276452.0
-8275382.0
-8277464.0
-8275424.0
-8272204.0
-8274960.0
-8275474.0
-8275714.0
-8278098.0
-8277986.0
-8275378.0
-8275480.0
-8274984.0
-8274708.0
-8276220.0
-8276688.0
-8278034.0
-8277928.0
-8276448.0
-8275208.0
-8284160.0
-8283940.0
-8280670.0
-8282070.0
-6204910.0
1946466.0
8243020.0
8387204.0
8387204.0
8387204.0
8387204.0
8387204.0
8387204.0
8387204.0
8387204.0
8387204.0
8387204.0
8387204.0
8387204.0
8387204.0
8387204.0
8387204.0
8387204.0
8387204.0
8387204.0
8387204.0
8387204.0
8387204.0
8387204.0
8387204.0
8387204.0
8387204.0
8387204.0
8387204.0
8387204.0
8387204.0
8387204.0
8387204.0
8387204.0
8387204.0
8387204.0
8387204.0
8387204.0
8387204.0
8387204.0
8387204.0
8387204.0
8387204.0
8387204.0
8387204.0
8387204.0
8387204.0
8387204.0
8387204.0
8387204.0
8387204.0
8387204.0
8387204.0
8175780.0
4722574.0
-2194228.0
-7036760.0
-8278328.0
-8277188.0
-8280174.0
-8281158.0
-8276476.0
-8276416.0
-8275484.0
-8275160.0
-8276620.0
-8277228.0
-8280314.0
-8280070.0
-8275048.0
-8275074.0
-8278154.0
-8277222.0
-8277570.0
-8275764.0
-8272616.0
-8275564.0
8387204.0
8387204.0
8387204.0
8387204.0
8387204.0
8387204.0
8387204.0
8387204.0
8387204.0
8387204.0
8387204.0
8387204.0
8387204.0
8387204.0
8294706.0
6877536.0
4015604.0
572814.0
-4186778.0
-7620080.0
-8275832.0
-8277142.0
-8280112.0
-8280818.0
-8274520.0
-8274712.0
-8279206.0
-6941956.0
-2813572.0
2659014.0
6891448.0
8377082.0
8387204.0
8387204.0
8387204.0
8387204.0
8387204.0
8387204.0
8387204.0
8387204.0
8330432.0
6646152.0
3102764.0
-485114.0
-4042716.0
-7064212.0
-8274020.0
-8275084.0
-8275510.0
-8275544.0
-8275664.0
-8276630.0
-8276534.0
-8275492.0
-8280114.0
-8280798.0
-8275474.0
-8275898.0
-8278188.0
-8278104.0
-8278338.0
-8072766.0
-4548310.0
3040820.0
7886206.0
8387204.0
8387204.0
8387204.0
8387204.0
8387204.0
8387204.0
8387204.0
8387204.0
8387204.0
8387204.0
8387204.0
8387204.0
8387204.0
8387204.0
8387204.0
8387204.0
8387204.0
8387204.0
8387204.0
8387204.0
8387204.0
8387204.0
8387204.0
8387204.0
8387204.0
8387204.0
8387204.0
8387204.0
8387204.0
8387204.0
8387204.0
8387204.0
8387204.0
8387204.0
8387204.0
8387204.0
8387204.0
8387204.0
8387204.0
8387204.0
8387204.0
6988774.0
3105750.0
-1719600.0
-5914126.0
-8058680.0
-8276606.0
-8278016.0
-8278090.0
-8275296.0
-8275400.0
-8276560.0
-8276606.0
-8276458.0
-8274334.0
-8273330.0
-8275252.0
-8275062.0
-8275170.0
-8278166.0
-8277228.0
-8277564.0
-8275428.0
-8273372.0
-8276414.0
-8275676.0
-8275614.0
-8275560.0
-8275278.0
-8230954.0
-5613398.0
1035956.0
6713990.0
8387564.0
8387204.0
7955658.0
5613390.0
2636358.0
1619380.0
1549692.0
-314376.0
-5080206.0
-8152534.0
-8278058.0
-8278074.0
-8276430.0
-8274686.0
-8273840.0
-8274020.0
-8284882.0
-8286358.0
-8278170.0
-8276750.0
-8284366.0
-8285844.0
-8276506.0
-8276348.0
-8275606.0
-8275668.0
-8276400.0
-8276250.0
-8275434.0
-8275598.0
-8276432.0
-8276426.0
-8275594.0
-8275738.0
-8276552.0
-8276248.0
-8275424.0
-8275508.0
-8275426.0
-8275292.0
-8276622.0
-8276816.0
-8277938.0
-8277888.0
-8276362.0
-8276570.0
-8276560.0
-8276388.0
-8275232.0
-8275228.0
-8276414.0
-8276702.0
-8278324.0
-8278072.0
-8275240.0
-8275342.0
-8276398.0
-8274654.0
-8274804.0
-8276224.0
-8275452.0
-8275808.0
-8278250.0
-8276982.0
-8284204.0
-8285194.0
-8272556.0
-5292384.0
3044738.0
8359964.0
8387204.0
8387204.0
8387204.0
8387204.0
8387204.0
8387204.0
8387204.0
8387204.0
8387204.0
8387204.0
8387204.0
8387204.0
8387204.0
8387204.0
8387204.0
8387204.0
8387204.0
8387204.0
8387204.0
8387204.0
8387204.0
8387204.0
8387204.0
8387204.0
8387204.0
8387204.0
8387204.0
8387204.0
8387204.0
8387204.0
8387204.0
8387204.0
8387204.0
8387204.0
8387204.0
8387204.0
8387204.0
8387204.0
8387204.0
8387204.0
8387204.0
8387204.0
8387204.0
8387204.0
8387204.0
8387204.0
8387204.0
8387204.0
8387204.0
8387204.0
8387204.0
8387204.0
8387204.0
8387204.0
8387204.0
8387204.0
8387204.0
8387204.0
8387204.0
8387204.0
8387204.0
8387204.0
8387204.0
8387204.0
8387204.0
8387204.0
8387204.0
8387204.0
8344104.0
6261018.0
3293722.0
2507192.0
1270826.0
-3675828.0
-7795914.0
-8275322.0
-8276514.0
-8275478.0
-8277608.0
-8276042.0
-8273870.0
-8275610.0
-8275656.0
-8276294.0
-8275508.0
-8275746.0
-8276480.0
-8275446.0
-8277484.0
-8275880.0
-8275424.0
-8277862.0
-8275420.0
-8274420.0
-8280566.0
-8281670.0
-8278036.0
-8277972.0
-8275500.0
-8275262.0
-8275518.0
-8275864.0
-8278258.0
-8277394.0
-8277616.0
-8275282.0
-8277682.0
-8278848.0
-8273198.0
-8274912.0
-8275452.0
-8275700.0
-8278248.0
-8276314.0
-8273286.0
-8275386.0
-8278034.0
-8277798.0
-8278182.0
-8274390.0
-7725652.0
-6337650.0
-4322184.0
-1464432.0
2486776.0
6479422.0
8333896.0
8387204.0
8387204.0
8387204.0
8387204.0
8387204.0
8387204.0
8387204.0
8282762.0
7190912.0
6012810.0
6676560.0
7959254.0
8387354.0
8387204.0
8387204.0
8387204.0
8387204.0
8387204.0
8387204.0
8387204.0
8387204.0
8387204.0
8387204.0
8387204.0
8387204.0
8387204.0
8387204.0
8387204.0
8387204.0
8387204.0
8106760.0
5347446.0
838986.0
-2273168.0
-3012966.0
-1503118.0
991526.0
3126508.0
4034962.0
3396090.0
1555124.0
-456544.0
-1408400.0
-794348.0
846212.0
2128364.0
1816236.0
-267454.0
-3155334.0
-5254718.0
-5145272.0
-2308362.0
2545440.0
6872994.0
8387620.0
8387204.0
8387204.0
8387204.0
8387204.0
8387204.0
8387204.0
8387204.0
8387204.0
8387204.0
8387204.0
8387204.0
8387204.0
8387204.0
8387204.0
8387204.0
8387204.0
8387204.0
8387204.0
8387204.0
8387204.0
8387204.0
8387204.0
8387204.0
8387204.0
8387204.0
8387204.0
8387204.0
8387204.0
8387204.0
8387204.0
8387204.0
8387204.0
8387204.0
8387204.0
8387204.0
6609220.0
953184.0
-4665062.0
-5491986.0
-1410000.0
4962510.0
8276754.0
8387204.0
8387204.0
8387204.0
8387204.0
8387204.0
8386698.0
6651288.0
1904358.0
-4394018.0
-7942366.0
-8280494.0
-8278884.0
-8278686.0
-8280140.0
-8276534.0
-8276494.0
-8278328.0
-8276404.0
-8273372.0
-8275566.0
-8278340.0
-8277980.0
-8275174.0
-8275626.0
-8280556.0
-8279550.0
-8274656.0
-8275252.0
-8275690.0
-8275946.0
-8280664.0
-8278428.0
-8273390.0
-8272352.0
-8273394.0
-8276408.0
-8275212.0
-8275504.0
-8278086.0
-8278010.0
-8234048.0
-5678538.0
1010954.0
6751248.0
8387256.0
8387204.0
8387204.0
8387204.0
8387204.0
8387204.0
8387204.0
8387204.0
8387204.0
8387204.0
8387204.0
8387204.0
8387204.0
8387204.0
8387204.0
8387204.0
8387204.0
8387204.0
8387204.0
8387204.0
6825438.0
1647598.0
-3865058.0
-5296110.0
-3166942.0
5786.0
827668.0
-3486636.0
-7731692.0
-8276824.0
-8280482.0
-8278402.0
-8273108.0
-8273998.0
-8284506.0
-8285728.0
-8278326.0
-8224222.0
-5500118.0
-149346.0
2824506.0
1293266.0
-2575486.0
-5332152.0
-4871818.0
-1112670.0
4436126.0
7855692.0
8387256.0
8387204.0
8387204.0
8387204.0
8387204.0
8387204.0
8387204.0
8387204.0
8157546.0
1287304.0
-6853504.0
-8278714.0
-8276696.0
-5484082.0
2879418.0
8382256.0
8387204.0
8387204.0
8387204.0
8387204.0
8387204.0
8387204.0
8387204.0
8387204.0
8387204.0
8387204.0
8387204.0
8387204.0
8387204.0
8387204.0
8387204.0
8387204.0
8387204.0
8387204.0
8387204.0
6873450.0
1968080.0
-2459422.0
-4164342.0
-6190036.0
-7950952.0
-8279788.0
-8278210.0
-8278018.0
-8278310.0
-8276686.0
-8273952.0
-8275420.0
-8276772.0
-8277052.0
-8280434.0
-8278674.0
-8276294.0
-8278012.0
-8278174.0
-8277886.0
-8274970.0
-8275292.0
-8277984.0
-8277868.0
-8278086.0
-8277992.0
-8275182.0
-8275184.0
-8275428.0
-8274362.0
-8280516.0
-8281822.0
-8278044.0
-8278116.0
-8276552.0
-8274156.0
-8273306.0
-8273722.0
-8273890.0
-8275458.0
-8275438.0
-8275622.0
-8276532.0
-8276554.0
-8275604.0
-8275340.0
-8276732.0
-8277094.0
-8280402.0
-8278536.0
-8276396.0
-8278194.0
-8275322.0
-8275544.0
-8276602.0
-8273930.0
-8275982.0
-8275638.0
-8273798.0
-8276402.0
-8278396.0
-8275270.0
-8277788.0
-8280884.0
-8275514.0
-8275804.0
-8278240.0
-8278050.0
-7911464.0
-5254306.0
-302846.0
5322976.0
8374666.0
8387204.0
8387204.0
8387204.0
8387204.0
8387204.0
8387204.0
8387204.0
8387204.0
8387204.0
8387204.0
8387204.0
8387204.0
8387204.0
8387204.0
8387204.0
8387204.0
8387204.0
8387204.0
8387204.0
8387204.0
8387204.0
8387204.0
8387204.0
8387204.0
8387204.0
8387204.0
8387204.0
8387204.0
8387204.0
8387204.0
8387204.0
8387204.0
8387204.0
8387204.0
8387204.0
8387204.0
8387204.0
8387204.0
8387204.0
8387204.0
8387204.0
8387204.0
8387204.0
8387204.0
8387204.0
8387204.0
8387204.0
8387204.0
8387204.0
8387204.0
6958896.0
2012854.0
-4285062.0
-7708076.0
-8277260.0
-8276142.0
-8274608.0
-8274800.0
-8276640.0
-8278198.0
-8277912.0
-8275124.0
-8275392.0
-8278120.0
-8277736.0
-8275254.0
-8275434.0
-8276434.0
-8276658.0
-8278012.0
-8277902.0
-8276384.0
-8275268.0
-8280098.0
-8281266.0
-8276452.0
-8275382.0
-8277464.0
-8275424.0
-8272204.0
-8274960.0
-8275474.0
-8275714.0
-8278098.0
-8277986.0
-8275378.0
-8275480.0
-8274984.0
-8274708.0
-8276220.0
-8276688.0
-8278034.0
-8277928.0
-8276448.0
-8275208.0
-8284160.0
-8283940.0
-8280670.0
-8282070.0
-6204910.0
1946466.0
8243020.0
8387204.0
8387204.0
8387204.0
8387204.0
8387204.0
8387204.0
8387204.0
8387204.0
8387204.0
8387204.0
8387204.0
8387204.0
8387204.0
8387204.0
8387204.0
8387204.0
8387204.0
8387204.0
8387204.0
8387204.0
8387204.0
8387204.0
8387204.0
8387204.0
8387204.0
8387204.0
8387204.0
8387204.0
8387204.0
8387204.0
8387204.0
8387204.0
8387204.0
8387204.0
8387204.0
8387204.0
8387204.0
8387204.0
8387204.0
8387204.0
8387204.0
8387204.0
8387204.0
8387204.0
8387204.0
8387204.0
8387204.0
8387204.0
8387204.0
8387204.0
8387204.0
8175780.0
4722574.0
-2194228.0
-7036760.0
-8278328.0
-8277188.0
-8280174.0
-8281158.0
-8276476.0
-8276416.0
-8275484.0
-8275160.0
-8276620.0
-8277228.0
-8280314.0
-8280070.0
-8275048.0
-8275074.0
-8278154.0
-8277222.0
-8277570.0
-8275764.0
-8272616.0
-8275564.0
8387204.0
8387204.0
8387204.0
8387204.0
8387204.0
8387204.0
8387204.0
8387204.0
8387204.0
8387204.0
8387204.0
8387204.0
8387204.0
8387204.0
7971424.0
637436.0
-7314652.0
-8273654.0
-8274406.0
-8277076.0
-8280238.0
-8279268.0
-8277192.0
-8277876.0
-8275384.0
-8275506.0
-8275494.0
-8275252.0
-8276630.0
-8277082.0
-8280236.0
-8279392.0
-8274464.0
-7789908.0
-83840.0
7726518.0
8387256.0
5099550.0
-3269570.0
-8277540.0
-6905738.0
466212.0
7463582.0
8387256.0
8387204.0
8387204.0
8387204.0
8387204.0
8387204.0
8387204.0
8387204.0
8387204.0
8387204.0
8387204.0
8387204.0
8387204.0
8387204.0
8125930.0
3307848.0
-4443710.0
-7996470.0
-8279306.0
-8276508.0
-8275502.0
-8280064.0
-8280156.0
-8275680.0
-8276728.0
-8278162.0
-8277950.0
-8278226.0
-8277222.0
-8277542.0
-8275888.0
-8273728.0
-8275452.0
-8277528.0
-8275548.0
-8272310.0
-8273448.0
-8273928.0
-8275756.0
-8280680.0
-8277566.0
-8272222.0
-8273342.0
-8273676.0
-8275626.0
-8276322.0
-8274092.0
-8274106.0
-8274784.0
-8274756.0
-8274142.0
-8272940.0
-8275006.0
-8274974.0
-8275210.0
-8277950.0
-8277962.0
-8276284.0
-8273236.0
-8277294.0
-8279026.0
-7742492.0
-4881850.0
763290.0
6195378.0
8385504.0
8387204.0
8387204.0
8387204.0
8387204.0
8387204.0
8387204.0
8387204.0
8387204.0
8387204.0
8387204.0
8387204.0
8387204.0
8387204.0
8387204.0
8387204.0
8387204.0
8387204.0
8387204.0
6075288.0
-2288702.0
-8272220.0
-8275364.0
-8275310.0
-8276692.0
-8277104.0
-5821628.0
2240104.0
8153144.0
8387204.0
8387204.0
8387204.0
8387204.0
8387204.0
8387204.0
8387204.0
8387204.0
8387204.0
8387204.0
8387204.0
8387204.0
8387204.0
8387204.0
7227512.0
1818294.0
-5315454.0
-8274166.0
-8274814.0
-8273894.0
-8272982.0
-8278746.0
-8280882.0
-8275318.0
-8275596.0
-8276358.0
-7717428.0
645498.0
8382158.0
8387204.0
8387204.0
8387204.0
8387204.0
8387204.0
8387204.0
8387204.0
8387204.0
8387204.0
8387204.0
1844910.0
-6450946.0
-8280260.0
-8279926.0
-8275422.0
-8275384.0
-8276676.0
-8276906.0
-8277786.0
-8277912.0
-8277906.0
-8277836.0
-8280394.0
-8279532.0
-8274510.0
-8275008.0
-8276682.0
-8277158.0
-7872100.0
-2709050.0
5254768.0
8387600.0
8387204.0
8387204.0
8387204.0
8387204.0
3960892.0
-4334858.0
-8280250.0
-8279996.0
-8275568.0
-7771860.0
569998.0
8361786.0
8387204.0
8387204.0
8387204.0
8387204.0
8387204.0
8387204.0
8387204.0
8387204.0
8387204.0
8387204.0
8387204.0
8387204.0
8387204.0
8387204.0
8387204.0
8387204.0
8387204.0
8387204.0
8387204.0
8387204.0
8109738.0
5692546.0
2583600.0
2737590.0
5967158.0
8230360.0
8387204.0
8387204.0
8387204.0
8387204.0
8387204.0
8387204.0
8377020.0
4374138.0
-3973790.0
-8266502.0
-8277958.0
-8278000.0
-8278162.0
-8278204.0
-8275176.0
-8275080.0
-8278106.0
-8278000.0
-8275140.0
-8275140.0
-8278012.0
-8278194.0
-8275108.0
-8274974.0
-8276320.0
-8275410.0
-8280068.0
-8280076.0
-8280052.0
-8280198.0
-8275602.0
-8276306.0
-8275490.0
-8275588.0
-8275508.0
-8275296.0
-8276760.0
-8277032.0
-8280306.0
-8279404.0
-8275494.0
-8274756.0
-8273938.0
-8275118.0
-8275350.0
-8275830.0
-8260220.0
-7665426.0
-7682708.0
-8277364.0
-8277910.0
-8277844.0
-8276364.0
-8276370.0
-8276314.0
-8276534.0
-8276486.0
-8275356.0
-8280086.0
-8280922.0
-8274836.0
-8275020.0
8387204.0
8387204.0
8387204.0
8387204.0
8387204.0
8387204.0
8387204.0
8387204.0
8387204.0
8387204.0
6369078.0
-1037804.0
-7390820.0
-8279628.0
-7902846.0
-3723370.0
4185058.0
8301272.0
8387204.0
8387204.0
8387204.0
4909192.0
-3446074.0
-8263628.0
-8275104.0
-8275104.0
-8278134.0
-8277314.0
-8277530.0
-8275808.0
-8275508.0
-8277928.0
-8275146.0
-8275284.0
-8276388.0
-8275270.0
-8280168.0
-8281238.0
-8278184.0
-8276464.0
-8273294.0
-8275290.0
-8276384.0
-8273646.0
-8277444.0
-8280028.0
-8275150.0
-8275056.0
-7835036.0
-4852346.0
-497490.0
1422184.0
1373400.0
1655880.0
3354320.0
5326108.0
5318850.0
2974894.0
1357880.0
4364698.0
7911136.0
8387204.0
8387204.0
8387204.0
8387204.0
8387204.0
8387204.0
8387204.0
8387204.0
8387204.0
8387204.0
8387204.0
8387204.0
8387204.0
8387204.0
8387204.0
8387204.0
8387204.0
8387204.0
8387204.0
8387204.0
8387204.0
8387204.0
8387204.0
8387204.0
8387204.0
8387204.0
8387204.0
8387204.0
8387204.0
8387204.0
8387204.0
8387204.0
8387204.0
8387204.0
8274216.0
3687692.0
-4456448.0
-8240716.0
-8179854.0
-5431474.0
1008214.0
6631286.0
8387864.0
5506010.0
-2695442.0
-8183486.0
-8277740.0
-8277868.0
-8277816.0
-8278068.0
-8278048.0
-8276424.0
-8274760.0
-8273490.0
-8275150.0
-8278100.0
-8277794.0
-8274700.0
-8274870.0
-8277854.0
-8277868.0
-8276336.0
-8276208.0
-7908746.0
-5437594.0
-5095312.0
-7566546.0
-8278176.0
-8276556.0
-8273336.0
-8275052.0
-8276330.0
-8275418.0
-8277458.0
-8275694.0
-8273666.0
-8275534.0
-8275584.0
-8276154.0
-8275340.0
-8275304.0
-8274838.0
-8042664.0
-5272160.0
1505738.0
7102044.0
8387256.0
8387204.0
8387204.0
8386140.0
4895196.0
-3003724.0
-7806146.0
-8267732.0
-7903704.0
-7891478.0
-8257712.0
-8277784.0
-8277982.0
-8278046.0
-8278084.0
-8278028.0
-8276064.0
-7821038.0
-6720590.0
-4614692.0
1300226.0
7108778.0
8387256.0
8387204.0
8387204.0
8387204.0
8387204.0
8387204.0
8387204.0
8387204.0
8387204.0
8387204.0
8387204.0
8387204.0
8387204.0
8387204.0
8387204.0
8387204.0
8387204.0
8387204.0
8387204.0
8387204.0
8387204.0
8387204.0
8331546.0
4126968.0
-3904912.0
-8067072.0
-8275010.0
-8276294.0
-8275986.0
-8275278.0
-8275710.0
-8276286.0
-8273988.0
-8274088.0
-8274694.0
-8273392.0
-8275122.0
-8276380.0
-8274472.0
-8273168.0
-8275100.0
-8276332.0
-8273482.0
-8274992.0
-8277792.0
-8277952.0
-8277714.0
-8275284.0
-8275066.0
-8276548.0
-8276864.0
-8277756.0
-8277806.0
-8278080.0
-8277572.0
-8275098.0
-7956720.0
-5534144.0
-2739650.0
-3628378.0
-6739072.0
-8274270.0
-8276682.0
-6861576.0
-1167954.0
5786208.0
8387834.0
8387204.0
8387204.0
8387204.0
8387204.0
8387204.0
8387204.0
8387204.0
8387204.0
8387204.0
8387204.0
8387204.0
8387204.0
8387204.0
8383672.0
7605648.0
5453712.0
2942108.0
1579906.0
1906208.0
3471670.0
5344496.0
6610258.0
6836202.0
6037248.0
4764634.0
3977028.0
3950752.0
4489286.0
5519244.0
6670726.0
7359024.0
7298228.0
6765466.0
6322810.0
6099026.0
5828114.0
5472006.0
5090328.0
4641180.0
4333756.0
4445566.0
4619732.0
4296838.0
3960046.0
4164324.0
3956964.0
2341020.0
43446.0
-1460576.0
-1382802.0
-132304.0
1204272.0
1721446.0
983524.0
-794748.0
-2785266.0
-4233386.0
-4748282.0
-4512802.0
-3869896.0
-3081436.0
-2374058.0
-1930906.0
-1999368.0
-2550184.0
-2952620.0
-2343216.0
-303574.0
2915396.0
6420102.0
8267936.0
8387204.0
8387204.0
8387204.0
8387204.0
8387204.0
8387204.0
8387204.0
8387204.0
8387204.0
8387204.0
8387204.0
8387204.0
8387204.0
8387204.0
8387204.0
8387204.0
8387204.0
8387204.0
8387204.0
8387204.0
7959286.0
6443194.0
4541242.0
3037234.0
1694054.0
275356.0
-1115230.0
-2376144.0
-3263854.0
-3603470.0
-3432682.0
-3015346.0
-2629858.0
-2308464.0
-2135950.0
-2342070.0
-2827006.0
-3109970.0
-2898584.0
-2195748.0
-1130856.0
161584.0
1500902.0
2773626.0
3772620.0
4477490.0
4961330.0
5026962.0
4628376.0
4063156.0
3546610.0
3055242.0
2562158.0
2139928.0
1844764.0
1742148.0
1941544.0
2529118.0
3566878.0
4882362.0
6091426.0
7004238.0
7619284.0
7943326.0
7975828.0
7982574.0
8192266.0
8378324.0
8144556.0
7346282.0
6334114.0
5803524.0
6230138.0
7340812.0
8169476.0
8379938.0
8112406.0
7492250.0
7057272.0
7316524.0
7725364.0
7147434.0
5496386.0
3336394.0
1016308.0
-1707918.0
-5105098.0
-7645000.0
-8278566.0
-8275476.0
-8275810.0
-8278302.0
-8276050.0
-7764942.0
-5578326.0
-2471538.0
-658628.0
-747272.0
-1827274.0
-2633512.0
-2983970.0
-3403166.0
-4116116.0
-5088836.0
-6204480.0
-7515684.0
-8258534.0
-8278068.0
-8278102.0
-8276430.0
-8274626.0
-8273820.0
-8275038.0
-8275292.0
-8275772.0
-8276418.0
-8276120.0
-8274588.0
-8275030.0
-8280334.0
-8279532.0
-8274576.0
-8274734.0
-8273856.0
-7948506.0
-6750512.0
-5021326.0
-3494724.0
-2623586.0
-2580744.0
-3075236.0
-3685890.0
-4139844.0
-4146398.0
-3559424.0
-2487220.0
-1063308.0
476324.0
1820446.0
2891962.0
3624094.0
4059804.0
4323846.0
4576356.0
5270274.0
6794832.0
8067684.0
8387306.0
8387204.0
8387204.0
8387204.0
8387204.0
8387204.0
8387204.0
8387204.0
8387204.0
8335384.0
7532404.0
6195148.0
5167496.0
4355050.0
3318156.0
1672848.0
-691496.0
-3384262.0
-5841274.0
-7589498.0
-8268680.0
-8276414.0
-8278182.0
-8277068.0
-8273042.0
-7989526.0
-7294666.0
-6526004.0
-5864650.0
-5360204.0
-5077688.0
-4878996.0
-4328880.0
-3262306.0
-1969068.0
-806094.0
10498.0
349676.0
246222.0
-224606.0
-887708.0
-1530552.0
-2071088.0
-2550694.0
-3146518.0
-4044678.0
-5239668.0
-6483376.0
-7668452.0
-8258526.0
-8278044.0
-8277932.0
-8275442.0
-8274330.0
-8280486.0
-8281656.0
-8277918.0
-8277928.0
8387204.0
8387204.0
8387204.0
8387204.0
8387204.0
8387204.0
8387204.0
8387204.0
8387204.0
8387204.0
8387204.0
8387204.0
8387204.0
8387204.0
7971424.0
637436.0
-7314652.0
-8273654.0
-8274406.0
-8277076.0
-8280238.0
-8279268.0
-8277192.0
-8277876.0
-8275384.0
-8275506.0
-8275494.0
-8275252.0
-8276630.0
-8277082.0
-8280236.0
-8279392.0
-8274464.0
-7789908.0
-83840.0
7726518.0
8387256.0
5099550.0
-3269570.0
-8277540.0
-6905738.0
466212.0
7463582.0
8387256.0
8387204.0
8387204.0
8387204.0
8387204.0
8387204.0
8387204.0
8387204.0
8387204.0
8387204.0
8387204.0
8387204.0
8387204.0
8387204.0
8125930.0
3307848.0
-4443710.0
-7996470.0
-8279306.0
-8276508.0
-8275502.0
-8280064.0
-8280156.0
-8275680.0
-8276728.0
-8278162.0
-8277950.0
-8278226.0
-8277222.0
-8277542.0
-8275888.0
-8273728.0
-8275452.0
-8277528.0
-8275548.0
-8272310.0
-8273448.0
-8273928.0
-8275756.0
-8280680.0
-8277566.0
-8272222.0
-8273342.0
-8273676.0
-8275626.0
-8276322.0
-8274092.0
-8274106.0
-8274784.0
-8274756.0
-8274142.0
-8272940.0
-8275006.0
-8274974.0
-8275210.0
-8277950.0
-8277962.0
-8276284.0
-8273236.0
-8277294.0
-8279026.0
-7742492.0
-4881850.0
763290.0
6195378.0
8385504.0
8387204.0
8387204.0
8387204.0
8387204.0
8387204.0
8387204.0
8387204.0
8387204.0
8387204.0
8387204.0
8387204.0
8387204.0
8387204.0
8387204.0
8387204.0
8387204.0
8387204.0
8387204.0
6075288.0
-2288702.0
-8272220.0
-8275364.0
-8275310.0
-8276692.0
-8277104.0
-5821628.0
2240104.0
8153144.0
8387204.0
8387204.0
8387204.0
8387204.0
8387204.0
8387204.0
8387204.0
8387204.0
8387204.0
8387204.0
8387204.0
8387204.0
8387204.0
8387204.0
7227512.0
1818294.0
-5315454.0
-8274166.0
-8274814.0
-8273894.0
-8272982.0
-8278746.0
-8280882.0
-8275318.0
-8275596.0
-8276358.0
-7717428.0
645498.0
8382158.0
8387204.0
8387204.0
8387204.0
8387204.0
8387204.0
8387204.0
8387204.0
8387204.0
8387204.0
8387204.0
1844910.0
-6450946.0
-8280260.0
-8279926.0
-8275422.0
-8275384.0
-8276676.0
-8276906.0
-8277786.0
-8277912.0
-8277906.0
-8277836.0
-8280394.0
-8279532.0
-8274510.0
-8275008.0
-8276682.0
-8277158.0
-7872100.0
-2709050.0
5254768.0
8387600.0
8387204.0
8387204.0
8387204.0
8387204.0
3960892.0
-4334858.0
-8280250.0
-8279996.0
-8275568.0
-7771860.0
569998.0
8361786.0
8387204.0
8387204.0
8387204.0
8387204.0
8387204.0
8387204.0
8387204.0
8387204.0
8387204.0
8387204.0
8387204.0
8387204.0
8387204.0
8387204.0
8387204.0
8387204.0
8387204.0
8387204.0
8387204.0
8387204.0
8109738.0
5692546.0
2583600.0
2737590.0
5967158.0
8230360.0
8387204.0
8387204.0
8387204.0
8387204.0
8387204.0
8387204.0
8377020.0
4374138.0
-3973790.0
-8266502.0
-8277958.0
-8278000.0
-8278162.0
-8278204.0
-8275176.0
-8275080.0
-8278106.0
-8278000.0
-8275140.0
-8275140.0
-8278012.0
-8278194.0
-8275108.0
-8274974.0
-8276320.0
-8275410.0
-8280068.0
-8280076.0
-8280052.0
-8280198.0
-8275602.0
-8276306.0
-8275490.0
-8275588.0
-8275508.0
-8275296.0
-8276760.0
-8277032.0
-8280306.0
-8279404.0
-8275494.0
-8274756.0
-8273938.0
-8275118.0
-8275350.0
-8275830.0
-8260220.0
-7665426.0
-7682708.0
-8277364.0
-8277910.0
-8277844.0
-8276364.0
-8276370.0
-8276314.0
-8276534.0
-8276486.0
-8275356.0
-8280086.0
-8280922.0
-8274836.0
-8275020.0
8387204.0
8387204.0
8387204.0
8387204.0
8387204.0
8387204.0
8387204.0
8387204.0
8387204.0
8387204.0
6369078.0
-1037804.0
-7390820.0
-8279628.0
-7902846.0
-3723370.0
4185058.0
8301272.0
8387204.0
8387204.0
8387204.0
4909192.0
-3446074.0
-8263628.0
-8275104.0
-8275104.0
-8278134.0
-8277314.0
-8277530.0
-8275808.0
-8275508.0
-8277928.0
-8275146.0
-8275284.0
-8276388.0
-8275270.0
-8280168.0
-8281238.0
-8278184.0
-8276464.0
-8273294.0
-8275290.0
-8276384.0
-8273646.0
-8277444.0
-8280028.0
-8275150.0
-8275056.0
-7835036.0
-4852346.0
-497490.0
1422184.0
1373400.0
1655880.0
3354320.0
5326108.0
5318850.0
2974894.0
1357880.0
4364698.0
7911136.0
8387204.0
8387204.0
8387204.0
8387204.0
8387204.0
8387204.0
8387204.0
8387204.0
8387204.0
8387204.0
8387204.0
8387204.0
8387204.0
8387204.0
8387204.0
8387204.0
8387204.0
8387204.0
8387204.0
8387204.0
8387204.0
8387204.0
8387204.0
8387204.0
8387204.0
8387204.0
8387204.0
8387204.0
8387204.0
8387204.0
8387204.0
8387204.0
8387204.0
8387204.0
8274216.0
3687692.0
-4456448.0
-8240716.0
-8179854.0
-5431474.0
1008214.0
6631286.0
8387864.0
5506010.0
-2695442.0
-8183486.0
-8277740.0
-8277868.0
-8277816.0
-8278068.0
-8278048.0
-8276424.0
-8274760.0
-8273490.0
-8275150.0
-8278100.0
-8277794.0
-8274700.0
-8274870.0
-8277854.0
-8277868.0
-8276336.0
-8276208.0
-7908746.0
-5437594.0
-5095312.0
-7566546.0
-8278176.0
-8276556.0
-8273336.0
-8275052.0
-8276330.0
-8275418.0
-8277458.0
-8275694.0
-8273666.0
-8275534.0
-8275584.0
-8276154.0
-8275340.0
-8275304.0
-8274838.0
-8042664.0
-5272160.0
1505738.0
7102044.0
8387256.0
8387204.0
8387204.0
8386140.0
4895196.0
-3003724.0
-7806146.0
-8267732.0
-7903704.0
-7891478.0
-8257712.0
-8277784.0
-8277982.0
-8278046.0
-8278084.0
-8278028.0
-8276064.0
-7821038.0
-6720590.0
-4614692.0
1300226.0
7108778.0
8387256.0
8387204.0
8387204.0
8387204.0
8387204.0
8387204.0
8387204.0
8387204.0
8387204.0
8387204.0
8387204.0
8387204.0
8387204.0
8387204.0
8387204.0
8387204.0
8387204.0
8387204.0
8387204.0
8387204.0
8387204.0
8387204.0
8331546.0
4126968.0
-3904912.0
-8067072.0
-8275010.0
-8276294.0
-8275986.0
-8275278.0
-8275710.0
-8276286.0
-8273988.0
-8274088.0
-8274694.0
-8273392.0
-8275122.0
-8276380.0
-8274472.0
-8273168.0
-8275100.0
-8276332.0
-8273482.0
-8274992.0
-8277792.0
-8277952.0
-8277714.0
-8275284.0
-8275066.0
-8276548.0
-8276864.0
-8277756.0
-8277806.0
-8278080.0
-8277572.0
-8275098.0
-7956720.0
-5534144.0
-2739650.0
-3628378.0
-6739072.0
-8274270.0
-8276682.0
-6861576.0
-1167954.0
5786208.0
8387834.0
8387204.0
8387204.0
8387204.0
8387204.0
8387204.0
8387204.0
8387204.0
8387204.0
8387204.0
8387204.0
8387204.0
8387204.0
8387204.0
8383672.0
7605648.0
5453712.0
2942108.0
1579906.0
1906208.0
3471670.0
5344496.0
6610258.0
6836202.0
6037248.0
4764634.0
3977028.0
3950752.0
4489286.0
5519244.0
6670726.0
7359024.0
7298228.0
6765466.0
6322810.0
6099026.0
5828114.0
5472006.0
5090328.0
4641180.0
4333756.0
4445566.0
4619732.0
4296838.0
3960046.0
4164324.0
3956964.0
2341020.0
43446.0
-1460576.0
-1382802.0
-132304.0
1204272.0
1721446.0
983524.0
-794748.0
-2785266.0
-4233386.0
-4748282.0
-4512802.0
-3869896.0
-3081436.0
-2374058.0
-1930906.0
-1999368.0
-2550184.0
-2952620.0
-2343216.0
-303574.0
2915396.0
6420102.0
8267936.0
8387204.0
8387204.0
8387204.0
8387204.0
8387204.0
8387204.0
8387204.0
8387204.0
8387204.0
8387204.0
8387204.0
8387204.0
8387204.0
8387204.0
8387204.0
8387204.0
8387204.0
8387204.0
8387204.0
8387204.0
7959286.0
6443194.0
4541242.0
3037234.0
1694054.0
275356.0
-1115230.0
-2376144.0
-3263854.0
-3603470.0
-3432682.0
-3015346.0
-2629858.0
-2308464.0
-2135950.0
-2342070.0
-2827006.0
-3109970.0
-2898584.0
-2195748.0
-1130856.0
161584.0
1500902.0
2773626.0
3772620.0
4477490.0
4961330.0
5026962.0
4628376.0
4063156.0
3546610.0
3055242.0
2562158.0
2139928.0
1844764.0
1742148.0
1941544.0
2529118.0
3566878.0
4882362.0
6091426.0
7004238.0
7619284.0
7943326.0
7975828.0
7982574.0
8192266.0
8378324.0
8144556.0
7346282.0
6334114.0
5803524.0
6230138.0
7340812.0
8169476.0
8379938.0
8112406.0
7492250.0
7057272.0
7316524.0
7725364.0
7147434.0
5496386.0
3336394.0
1016308.0
-1707918.0
-5105098.0
-7645000.0
-8278566.0
-8275476.0
-8275810.0
-8278302.0
-8276050.0
-7764942.0
-5578326.0
-2471538.0
-658628.0
-747272.0
-1827274.0
-2633512.0
-2983970.0
-3403166.0
-4116116.0
-5088836.0
-6204480.0
-7515684.0
-8258534.0
-8278068.0
-8278102.0
-8276430.0
-8274626.0
-8273820.0
-8275038.0
-8275292.0
-8275772.0
-8276418.0
-8276120.0
-8274588.0
-8275030.0
-8280334.0
-8279532.0
-8274576.0
-8274734.0
-8273856.0
-7948506.0
-6750512.0
-5021326.0
-3494724.0
-2623586.0
-2580744.0
-3075236.0
-3685890.0
-4139844.0
-4146398.0
-3559424.0
-2487220.0
-1063308.0
476324.0
1820446.0
2891962.0
3624094.0
4059804.0
4323846.0
4576356.0
5270274.0
6794832.0
8067684.0
8387306.0
8387204.0
8387204.0
8387204.0
8387204.0
8387204.0
8387204.0
8387204.0
8387204.0
8335384.0
7532404.0
6195148.0
5167496.0
4355050.0
3318156.0
1672848.0
-691496.0
-3384262.0
-5841274.0
-7589498.0
-8268680.0
-8276414.0
-8278182.0
-8277068.0
-8273042.0
-7989526.0
-7294666.0
-6526004.0
-5864650.0
-5360204.0
-5077688.0
-4878996.0
-4328880.0
-3262306.0
-1969068.0
-806094.0
10498.0
349676.0
246222.0
-224606.0
-887708.0
-1530552.0
-2071088.0
-2550694.0
-3146518.0
-4044678.0
-5239668.0
-6483376.0
-7668452.0
-8258526.0
-8278044.0
-8277932.0
-8275442.0
-8274330.0
-8280486.0
-8281656.0
-8277918.0
-8277928.0
